CATMULL_ROM
10
12

0.5 0.5
0.5 1.5
-0.5 1.5
-0.5 0.5
-1.5 0.5
-1.5 -0.5
-0.5 -0.5
-0.5 -1.5
0.5 -1.5
0.5 -0.5
1.5 -0.5
1.5 0.5
1
0 0 0 0
0 0 0

0.5 0.5
0.5 1.5
-0.5 1.5
-0.5 0.5
-1.5 0.5
-1.5 -0.5
-0.5 -0.5
-0.5 -1.5
0.5 -1.5
0.5 -0.5
1.5 -0.5
1.5 0.5
1
0.5 0 1 0
0 2.5 0

0.5 0.5
0.5 1.5
-0.5 1.5
-0.5 0.5
-1.5 0.5
-1.5 -0.5
-0.5 -0.5
-0.5 -1.5
0.5 -1.5
0.5 -0.5
1.5 -0.5
1.5 0.5
1
1.0 0 1 0
0 5 0

0.5 0.5
0.5 1.5
-0.5 1.5
-0.5 0.5
-1.5 0.5
-1.5 -0.5
-0.5 -0.5
-0.5 -1.5
0.5 -1.5
0.5 -0.5
1.5 -0.5
1.5 0.5
1
1.5 0 1 0
0 7.5 0

0.5 0.5
0.5 1.5
-0.5 1.5
-0.5 0.5
-1.5 0.5
-1.5 -0.5
-0.5 -0.5
-0.5 -1.5
0.5 -1.5
0.5 -0.5
1.5 -0.5
1.5 0.5
1
2.0 0 1 0
0 10 0

0.5 0.5
0.5 1.5
-0.5 1.5
-0.5 0.5
-1.5 0.5
-1.5 -0.5
-0.5 -0.5
-0.5 -1.5
0.5 -1.5
0.5 -0.5
1.5 -0.5
1.5 0.5
1
2.5 0 1 0
0 12.5 0

0.5 0.5
0.5 1.5
-0.5 1.5
-0.5 0.5
-1.5 0.5
-1.5 -0.5
-0.5 -0.5
-0.5 -1.5
0.5 -1.5
0.5 -0.5
1.5 -0.5
1.5 0.5
1
3.0 0 1 0
0 15 0

0.5 0.5
0.5 0.85
-0.5 0.85
-0.5 0.5
-0.85 0.5
-0.85 -0.5
-0.5 -0.5
-0.5 -0.85
0.5 -0.85
0.5 -0.5
0.85 -0.5
0.85 0.5
0.5
3.0 0 1 0
0 15.5 0

1 0.2
0.5 0.2
0 0.2
-0.5 0.2
-1 0.2
-1 0
-1 -0.2
-0.5 -0.2
0 -0.2
0.5 -0.2
1 -0.2
1 0
0.4
3.0 0 1 0
0 17 0

1 0.2
0.5 0.2
0 0.2
-0.5 0.2
-1 0.2
-1 0
-1 -0.2
-0.5 -0.2
0 -0.2
0.5 -0.2
1 -0.2
1 0
0.4
3.0 0 1 0
0 22 0

